0.460123 0.368098 0.092025 0.079755
0.240000 0.640000 0.040000 0.080000
0.281967 0.629508 0.042623 0.045902
0.242424 0.121212 0.181818 0.454545
0.368201 0.372385 0.184100 0.075314
0.571429 0.400000 0.000000 0.028571
0.511905 0.369048 0.083333 0.035714
0.342857 0.400000 0.171429 0.085714
0.500000 0.239130 0.217391 0.043478
1.000000 0.000000 0.000000 0.000000
0.640000 0.200000 0.080000 0.080000
0.421053 0.342105 0.144737 0.092105
0.170213 0.234043 0.276596 0.319149
0.096774 0.354839 0.290323 0.258065
0.483146 0.393258 0.078652 0.044944
0.574468 0.340426 0.042553 0.042553
0.569444 0.319444 0.069444 0.041667
0.428571 0.500000 0.071429 0.000000
0.083333 0.861111 0.000000 0.055556
0.146341 0.780488 0.024390 0.048780
0.009217 0.036866 0.571429 0.382488
0.166667 0.333333 0.166667 0.333333
0.083333 0.208333 0.375000 0.333333
0.461538 0.153846 0.153846 0.230769
0.090909 0.318182 0.181818 0.409091
0.066667 0.066667 0.866667 0.000000
0.333333 0.333333 0.166667 0.166667
0.279221 0.662338 0.032468 0.025974
0.185185 0.703704 0.055556 0.055556
0.545455 0.363636 0.090909 0.000000
0.290909 0.454545 0.127273 0.127273
0.020408 0.979592 0.000000 0.000000
0.000000 0.047619 0.380952 0.571429
0.036145 0.024096 0.493976 0.445783
0.027972 0.041958 0.646853 0.283217
0.000000 1.000000 0.000000 0.000000
0.222222 0.592593 0.074074 0.111111
0.000000 0.035714 0.821429 0.142857
0.250000 0.500000 0.250000 0.000000
0.500000 0.468750 0.031250 0.000000
0.071429 0.928571 0.000000 0.000000
0.016667 0.008333 0.733333 0.241667
0.230769 0.230769 0.076923 0.461538
0.012195 0.024390 0.475610 0.487805
0.000000 0.000000 0.500000 0.500000
0.181818 0.727273 0.090909 0.000000
0.333333 0.333333 0.000000 0.333333
0.204082 0.244898 0.224490 0.326531
0.166667 0.666667 0.000000 0.166667
0.285714 0.571429 0.000000 0.142857
0.580645 0.290323 0.096774 0.032258
0.125000 0.312500 0.312500 0.250000
0.472222 0.361111 0.083333 0.083333
0.333333 0.333333 0.111111 0.222222
0.083333 0.083333 0.250000 0.583333
0.100000 0.400000 0.400000 0.100000
0.000000 0.000000 0.620690 0.379310
0.235294 0.529412 0.058824 0.176471
0.000000 0.120000 0.560000 0.320000
0.029412 0.000000 0.382353 0.588235
0.235294 0.588235 0.176471 0.000000
0.357143 0.571429 0.071429 0.000000
0.166667 0.000000 0.000000 0.833333
0.125000 0.125000 0.500000 0.250000
0.000000 0.050000 0.350000 0.600000
0.000000 1.000000 0.000000 0.000000
